259120757
260286017
253747601
253747599
260230015
259869697
260102259
260102257
258338229
258286471
256865083
259328785
258338231
258277261
257216345
256964397
255872727
255872723
250891607
247595335
257196303
252965755
257522677
245188015
244597235
240468579
240019407
239691689
246020823
258867279
257329715
255499931
255473749
255473559
258971485
250633233
242378375
255746211
248343805
239691281
242074805
254386041
255749259
255748461
254809691
241024531
255769667
255769453
255743991
252716531
249705855
249447981
249441011
247423859
242476529
247420139
252083181
256099397
254564023
254610995
254564575
245840451
257739015
256523769
257969299
245195145
242935245
257484429
242143651
257999197
251903227
257884063
260045001
247915241
260216547
247895817
255566985
258068525
260110159
260222137
259655601
256883071
256883055
256883049
256883015
256882753
234897645
256882845
256882761
256882651
255717769
239691471
256882989
256882959
256882937
256882931
256029995
255496815
249707771
244061243
242692227
242438185
242290221
242074877
240652733
240413581
239824567
239309053
238228549
235695233
241994435
260111591
260111487
254613583
259635643
259635637
259635691
259635681
259635677
259635659
259635657
259884509
257286273
224190369
257674699
258335647
254564749
229137399
259579291
237900977
256244373
260331139
237965707
258381935
257703049
256699407
249185783
239159917
241334445
258884089
258883967
257583665
229878593
229878567
229878397
259026359
206634769
244895463
223127173
259124207
246332337
244061915
260072797
259983139
259983131
259983127
259703065
258202575
257008199
257008181
257008179
257008173
257008171
257008169
257008165
257008163
257008161
257008157
257008153
257008149
257008147
257008141
257008139
257008135
257008131
257008129
257008123
257008121
257008119
257008117
257008115
257008113
257008111
257008103
257008101
257008099
257008097
257008095
257008091
257008089
256523955
256523849
256523817
256523791
260314383
260309995
260163203
259767259
259767257
259767255
259767241
259767237
258891035
258053013
256882811
256882807
256882775
256882773
256882767
256671917
255872897
249665917
248372995
246732903
245271301
245271283
258504713
258488005
256882893
249579961
241280857
240105605
258853295
257966111
238963231
259729001
260325311
259804063
259516135
259804067
253356485
259755693
259752271
259758501
259755687
259752273
259752269
259752267
259752261
259752255
259755689
259752257
260118295
252133085
252618281
247332659
259833223
258885667
258885341
258172799
258042273
259958755
247926647
247759931
241027855
257196497
257197287
260325317
260325309
260305405
260305353
260305185
260251111
260251109
260251107
260251105
260251103
260251101
260251099
260207899
260207891
260207889
260207887
260207885
260207883
260207881
260132359
260132349
260105221
260105129
260105091
260104853
260104737
260057177
260057175
260057165
260057159
259958751
259943953
259878089
259878085
259878079
259878075
259878069
259878067
259854041
259780131
259776757
259767243
259767225
259667419
259633791
259561045
259328783
259328779
259328777
259260837
259227001
259054073
258971511
258896199
258896185
258894945
258818657
258818227
258687307
258687305
258687295
258687289
258687275
258476707
258441881
258337793
258101631
258100779
258089895
258089881
258089875
258089869
258089867
257875653
257809013
257809011
257809009
257748707
257708717
257489131
257417201
257197339
257197309
257196667
257196549
257196513
256883043
256883009
256882965
256882941
256882913
256882745
256882671
256882669
256882659
256882605
256661973
256661703
255872713
255872711
255718425
255716539
255535689
255099539
254819571
254819373
254111469
253271855
252837315
234897841
253597019
253096881
253596101
253590945
260265851
260265755
260265717
259739433
259054079
258948733
257431027
256015523
253596981
253094753
253094699
249894147
249665899
249485229
249485227
249485049
249485019
249485017
249485015
249485009
249485005
249484999
249484987
249484985
249484965
249484955
249484923
249484913
249484853
249484843
249465793
249465783
249463155
249460001
249457299
249457103
249446107
249063789
248845563
258154501
258148453
255730941
252796687
251109035
259797539
259797537
259797533
259797529
259797525
259797519
259842657
259873263
259873261
259873259
259223561
255487801
260325301
258031681
257482405
255914745
244143315
240657399
256321253
257603113
257602897
260077411
259862267
259850441
232328549
258772693
255917645
229771713
256593217
254621423
256550889
260328089
221368981
226683417
209404903
223038775
248690913
256666997
257594499
257422975
260336597
257593445
257593265
257592795
257588473
257234651
255717301
260005477
257457623
257265805
260072235
259120687
259066739
257324697
260306137
259230089
259230889
257596697
255701605
252256047
260117563
255978697
250532839
240316781
260305321
259763933
257275317
259230161
259223081
258504599
257588011
257276443
257597741
252598993
259927487
259707033
259988265
259987143
259027415
260179507
259946549
256945945
260213647
260213819
260183995
260119653
260185211
260200375
260206403
259145295
260229003
260285921
260285925
260285913
260285909
260285911
260285937
260228451
260226523
259725045
259725043
259760207
259725059
259725049
259725047
259725057
259725075
259725063
259725041
260178439
260098777
259704655
250616081
258210781
255872849
257526529
258820545
237731881
252057429
242575409
259721353
258775571
235193787
240174759
259543251
257858511
245436521
245436491
245436485
245436429
245436423
241516811
246460945
246460911
225262631
225257095
259956889
255872833
255872709
255872665
246629183
246171291
245436395
245436387
245436377
245436357
245436299
245436199
240306825
260315147
260104077
260103935
260103243
260102805
260102577
260102249
259926425
259878099
259873779
259718675
259221081
259198425
258884441
258497427
258459555
258447427
258337777
258290201
258210787
258210785
258210783
257483511
257483505
257483501
256882977
256882969
256882889
256012645
256012045
255872863
255872825
255051615
234897607
258858327
256882795
255872943
255872933
251844401
260117723
260288457
260117511
260297491
259011321
258336913
260319287
260053039
256576281
260110147
260110143
260207915
258820663
256882949
256882947
258442553
259835083
259815963
258243639
259635639
259635629
260053041
260053037
260053035
258499967
259836495
258768973
258241081
258163003
252599239
252599163
257282077
252598807
257540407
260272979
259652355
259647641
259489633
257540069
252597951
257421603
257410981
257399515
257597487
252599743
257602693
259948323
259824039
260028317
258383601
259435665
259039675
260103819
260102105
259667297
259667295
260103813
260103811
260102111
260102109
260102107
260193497
260103825
260102113
250503701
249425237
249396445
249126379
257587673
256407649
255875229
243817829
239369835
239266259
259999107
258842681
258459923
252308033
252308021
252308017
252308001
252307991
252307989
252307985
252307981
252303361
252303359
252303275
252303253
252303245
252303241
252303237
252303133
258956201
256713579
255353535
255248499
255912885
259815607
259815589
259127817
255846349
254321907
257313405
257312461
255404937
259927039
258044239
254548573
230690577
256292013
253803921
253516375
254271585
253061665
238134091
259583561
259124087
259123099
251740911
257834077
259724945
257597133
259336469
238423407
239315131
259748721
260326705
260325559
260325557
260309693
260211771
260211767
260146487
260132493
260061787
260029829
260025807
260020579
260020565
260020555
260020017
260017197
260017191
260017181
260017179
260017175
259731005
259670597
259581203
259328827
259292227
259292225
259237461
259237451
259237449
259237439
259229301
259175641
259120967
259101773
259038183
259032989
259020037
259015841
259002859
259001189
258999209
258956245
258956157
258956111
258911619
258897231
258828077
258795313
258793825
258787099
258787097
258513903
258513901
258513899
258484167
258452417
258405069
258405057
258405049
258405033
258405029
258332123
258218511
258218507
258218505
258218479
258204601
258179829
258179821
258179803
258134387
258134369
258134367
258134363
258134361
258134359
258134357
258134353
258134349
258092117
258092111
258092099
258058797
258058793
258058781
258058779
258058777
258058775
258020353
258020351
258020343
257976281
257976191
257976189
257976153
257976145
257976143
257953247
257928205
257928195
257893517
257879795
257879791
257879781
257814139
257814129
257751935
257751905
257751903
257751895
257616147
257616145
257453581
257391513
257297629
257297609
257297605
257277311
257249491
256994731
256919645
256899495
256877063
256875709
256755375
256749523
256744921
256704917
256292369
256292215
255932369
255932323
255620839
255517839
255349025
253631227
253196225
259820157
259814543
260263333
260048521
259774959
259815701
260293207
260293205
260293201
260293199
260293197
260293195
260293193
260293191
260293189
260293187
256241227
256234843
255972035
253088367
253060299
252057581
249425225
249425159
249395951
249395927
249362403
249199917
248859321
248375335
248375331
248193305
242135929
259881453
256143629
256143525
256143479
256143397
256142597
260243625
260211777
260120159
260120157
259388015
244503683
239805919
239805635
239805601
239805561
239805537
239805429
239575243
237590875
259797991
259869941
259869893
259816719
259816675
259816657
259815657
259815645
259127537
259127477
252307965
252307891
232080339
232079733
231002797
259778959
259797995
259769015
259769013
259961359
259797953
258020693
257191063
257331579
257331591
258429429
258429411
258429401
258429391
258429375
258429347
258429327
258429309
257331595
259647593
260200469
260213749
259999001
259815325
259617691
259127773
258914339
258892301
257190615
254271579
252303367
252303363
246547043
259873701
260318897
259873693
259798013
259873697
259805335
259769019
259769017
259952203
259797975
259797961
259797989
257819691
259873695
258219895
260200475
256368933
260243641
259778957
257467179
260104307
260298821
259798001
259797985
259797971
260243633
259207587
259955131
259818827
260243631
259818887
259818837
259213407
260243637
258104425
258104283
260198489
260198459
260198439
260198397
260074135
259948845
259948703
259926839
259821339
259771647
259259391
258891839
258348737
255969819
254322859
252957359
252330099
250219287
245983949
241506373
259743435
259741173
260265341
260264077
258020675
259818801
259814717
259797993
260327981
260298825
260281919
259207575
259074011
259047825
259047469
248707245
260244109
260243959
260243707
259313889
259818905
259818839
259797987
259008609
259814721
249236959
260243645
259818857
249157637
259797981
259818819
253848139
253198937
260243643
258020703
260243623
259814723
260243639
259207585
256852325
260243635
260211763
260018859
259961667
259243043
259148025
259142525
259129497
259129489
259129469
258455527
256940857
256940747
256940625
256940557
256905717
253160105
252957955
259739315
256266919
258957395
257819083
257589083
255257863
255250073
260237959
260213345
260130757
260076237
260076211
260076167
260076127
260076055
260044769
259995179
259949577
259949523
259949445
259949131
259949075
259877139
259614787
259452387
259429063
257753275
257666257
257600343
253105437
252596821
258519415
257999447
258799289
255971291
258685233
260327863
260323725
260242365
260233163
260216351
260130755
259503587
259321735
257663791
250691805
232297529
227691757
225617113
215352063
259884639
259755727
259749991
259503423
256340511
244232529
259880513
259848337
258116445
258116373
258116263
258116069
258115953
258115515
258115055
258114533
258114341
258114143
258113669
258113477
258092167
258092165
257418461
257418199
257152161
256520279
256159565
256158305
252865509
252865507
252865505
252804381
252757759
252757755
252757753
252728413
252728409
256078889
246976911
257490215
257490071
258828803
246874475
259634439
259667809
255472975
255264693
252700087
244785995
259082525
259948291
259948213
259419671
259419703
260045265
256246667
260269947
260032237
260298621
259724959
260259029
259760151
259248195
259248191
259248189
259248187
259248199
259248197
259248169
259248167
260120151
259647599
255151455
231036631
31870105
255887407
260310053
257724415
252041719
223502439
216873823
258926673
259824013
260004291
258764865
259869221
259614969
260193511
260193495
259387555
259484947
260106505
251702309
253798281
249206169
260034259
257886685
257523363
257481741
257450643
257170593
255576417
248647773
243474569
239447719
254313543
246666255
259671563
259481217
259449671
258101305
244887309
234898499
258493085
258687967
258100731
255145183
253495267
258331531
258331529
258331527
259598735
259598731
259598719
258407451
256507659
256393735
255155537
251482215
252990457
248439559
256303517
249919559
239910393
237402423
256363829
253847155
250827023
250818311
249575401
258101599
242884553
259927175
238777201
256507283
256827585
255925061
246794239
256500165
242843411
254020253
239022005
257210639
256566217
252271289
251545659
249528807
251528583
255881545
255881305
256582587
249173509
258204195
256373313
237752389
255833481
238077845
24035623
259123919
260327857
260310899
260306949
260306747
260306619
260305625
260305039
260304887
260300297
260239019
260211743
260101443
260075935
260075933
260075927
260075925
260075923
260075921
260075919
260075917
260074229
260074227
260074225
260074221
260035335
260034873
260033021
259947319
259877899
259877897
259870727
259870707
259870153
259870139
259870115
259869957
259869887
259869859
259869135
259831123
259808307
259796093
259795907
259795581
259792875
259791891
259791749
259785455
259785415
259779643
259777889
259777703
259777647
259768531
259768529
259768525
259768523
259768519
259768517
259768515
259739391
259732415
259732413
259732411
259732409
259720319
259669133
259669125
259657453
259598755
259598753
259598751
259598749
259598747
259598745
259598741
259598737
259598721
259592301
259520347
259445589
259432057
259358819
259358799
259358797
259358795
259358793
259358779
259358777
259271473
259270989
259270407
259270405
259270403
259270401
259270397
259269857
259269213
259218695
259176719
259163917
259163241
259158081
259158067
259157307
259005849
258896147
258896135
258896127
258884855
258761263
258498553
258498497
258496813
258466659
258466457
258466397
258466299
258466203
258464667
258464277
258462705
258427777
258417401
258335303
258308657
258283401
258203773
258203757
258203727
258203665
258203341
258166639
258089733
258085863
258085715
258085613
258085131
258084973
258076955
257886783
257886569
257886141
257868991
257797669
257676231
257609509
257523893
257522781
257488313
257481619
257481405
257481213
257480439
257479927
257479797
257478231
257478135
257466181
257466179
257384197
257380919
257377947
257321761
257321745
257321737
257321683
257204647
257204287
257201967
257200767
257171381
257170721
257162205
257161783
257161391
257088453
257000125
256999891
256999679
256999429
256999247
256894595
256721937
256567965
256414889
256356385
256356013
256298491
255547921
255145291
255103027
254156623
253850275
253722835
253631815
253495273
253495269
253495263
252841131
252838995
251904045
244957765
244892571
244867701
244853317
25329395
260264779
260233379
260078365
259598723
259499661
259358837
259358807
259358803
259358781
259175001
258895543
258498001
258278529
258240535
258204093
258076465
257857875
257857669
257486553
257091275
257001231
257001227
257001213
257001197
256998473
256678877
256678713
256671267
256582789
256560053
256532455
256532363
256338645
256243801
256243789
256243777
256243725
256243709
256154183
255144635
254103241
253856507
253855961
251904043
251904041
251467047
251444779
251438023
251437923
251437823
250864561
250318577
249914405
249471795
249327363
249327361
249327359
249327355
248647941
248647657
248318005
248317915
248165341
248157689
247993491
247993377
247953265
247951319
247939853
247939143
247805233
247805213
247549185
247494997
247433521
247433469
247432675
247351095
246911975
246451799
246451757
246018225
246018173
246011593
246011441
245480577
244664323
244663489
244661425
244661221
244658961
244658789
243474685
242945473
242945443
242210059
242207291
241244827
228360177
260242425
258917509
258497979
258497971
258497955
257888083
257797065
257477727
256757975
256398009
256397827
255028519
255028517
255028515
253851917
253842189
251466691
251435549
251414931
251414909
250446911
250145087
249911749
249778073
249476735
249475785
249475223
249473655
249473327
247466745
246543279
246453669
246453187
246452301
245585085
245585057
245585031
245585019
244661903
244661085
243900477
243549189
243533253
243532507
243524469
243524361
243523815
243523581
243522677
243520923
243520831
243518379
243292011
243291935
242430689
242214267
242210255
242203705
242203405
242203393
242203379
242203007
241744023
240694185
240070577
239514597
239513645
239513189
239513135
239513059
238107241
238106339
236421185
236420715
234343625
258210349
258210207
259314967
259126463
259076765
258028713
251436875
251436433
248770099
246742261
242089809
241324197
237040755
236843947
236769359
233359479
229141839
226705979
259797531
256015477
238436583
260039895
259716669
259576561
258521247
258105239
255304177
251167119
248165427
260316713
224190261
254258145
260277009
259002825
258452327
257697399
255304173
251839497
251351977
260042693
259725083
259576911
259475055
258427841
256706787
255777203
255510959
254150689
229033577
259576007
259533785
259163867
259113287
258519943
257776145
252241419
260328703
260258215
257092587
252792909
244001867
236027731
230539783
259075233
260328609
260044635
258410605
257340159
256620847
256373301
255925077
253409565
252703959
237752395
259606633
260238415
259432581
258095941
257577987
257191237
255710167
255548089
255511525
254933673
252703473
252302873
252245953
251575749
242120365
256859605
256859557
255833509
249175975
246575661
260211751
260211741
259943977
259926413
259926409
259791437
259791379
259791327
259791221
259791089
259520345
257482077
257482023
256785715
256582617
255919925
258077171
260230467
258100619
258109825
258110095
255225041
260119703
259954691
259949537
259949147
259948113
259942907
259867871
259867867
259865651
259865641
259865635
259829381
259800681
259800677
259795485
259407087
259407083
259407081
259407079
259156111
258461511
258211923
258051965
258051963
256999097
255798569
254729749
259865645
259156103
258479027
256863973
256763083
256759739
254500709
254355425
253134581
252859745
252859743
252859741
252679351
250106645
244903889
244710227
241286969
241286961
241286945
241286943
259869729
259865647
256757137
256570805
256396013
254095411
235329599
258467343
258337567
258194409
256861439
254224867
253757115
252905233
250665595
241446717
237447321
232793379
229482793
228905039
260082705
259761921
259141353
259107463
251336869
251239863
236242935
228118389
228118385
224922679
224922667
224922663
224922661
224922657
224922655
224922653
224365943
223623105
223432473
260069165
259159649
258843795
258390257
257667547
255448171
221947929
257661255
246448043
221947915
260077081
259940487
259764105
258865855
257842409
256990789
260074437
260010867
258494607
257737997
259555401
249972219
254660157
254390177
257439359
257439337
258854633
258853147
260034759
260285927
260296969
260071077
260070879
260070871
260224467
260125637
259724999
260105887
260105881
260105883
260105877
259926477
259926471
259871127
260238077
259815749
259248139
257153819
259145489
221722941
260032737
235148483
236072173
242037229
259481565
250273601
254812925
250895637
239918717
218900253
218907865
245405301
245357655
210032143
210030001
257277361
260163635
253855477
246677861
238814049
254766769
252918733
258928585
250235691
243604975
194679649
246281585
246269283
255474835
258934853
242595101
259539275
259273293
210351767
218943417
233301197
218943941
245315551
18982483
255358699
237081705
238823617
238823255
253348471
240905795
233322873
233254497
220536731
233321789
240948899
241889851
241552653
235502963
233266349
237265125
240116287
252651699
260271963
259780465
260271465
259939113
259939097
259435487
259945221
259868833
259482037
259234261
258477303
257407361
258888647
260229725
257976241
255523767
252583749
243344025
259189025
259189017
258890599
257884379
257699613
257698191
257272477
256565451
255133031
254380613
254136639
253540489
244587699
253805369
247771981
240239391
249096897
256390625
259437095
259386527
257668173
252468251
259320045
257172919
251705881
250684231
250679477
243849945
240011163
228566379
257205697
253853529
258389215
254938593
252600745
260174359
253379935
253362841
249312523
240372493
252914861
240441425
240489561
242832773
242832647
255926071
253212325
255926101
255926089
255926067
255926045
255926037
253205213
253180431
251303107
249481617
249481613
259959019
259794409
258082643
258048105
257486279
257241141
255877163
248224499
237186371
237128619
227562557
259533289
255768407
258101311
253167221
257190331
259132019
258906949
251341827
259829247
253959089
244007813
259646669
259478035
259417583
259241905
259241271
258027939
258027865
257644971
228690469
203468933
257377085
258376893
259484755
258045029
252422531
236691251
231799615
255925825
249894089
246218911
239211229
258885353
258169859
251932335
228565845
257998773
256250309
253876587
256496853
253874761
260340903
260326703
260326701
260326697
260326693
260299453
260290297
260289833
260253599
260253581
260253577
260253575
260253569
260221567
260221033
260219921
260217639
260217507
260217307
260217247
260217133
260216559
260215955
260215895
260210163
260210159
260210157
260210143
260210137
260210131
260210123
260210121
260210113
260210111
260210105
260210103
260187715
260184841
260184461
260183989
260183235
260182091
260182005
260134967
260134963
260134959
260119591
260116641
260113289
260113135
260112849
260109537
260106601
260071083
260023545
260017255
259959017
259954789
259947357
259946511
259945321
259939733
259924839
259827267
259826861
259824923
259811973
259811959
259811931
259811909
259794869
259794413
259793933
259793191
259793005
259788587
259782045
259780331
259768603
259768601
259756589
259745823
259739729
259665501
259596667
259596615
259596497
259596417
259596347
259596209
259596141
259595983
259595797
259595733
259595679
259595617
259595521
259595053
259577641
259576257
259576191
259575657
259566091
259566079
259566069
259565815
259558227
259557209
259556391
259556193
259556045
259541955
259541645
259536499
259534349
259534007
259511453
259511159
259488231
259478455
259477583
259477483
259473709
259473609
259473575
259473491
259469627
259469151
259464189
259463045
259462705
259462641
259462525
259462491
259462481
259462475
259462275
259434175
259430113
259426553
259426329
259426201
259425973
259425295
259424719
259417637
259417511
259417409
259417271
259410211
259409017
259323879
259292209
259243661
259243181
259242293
259241463
259241195
259224957
259175637
259153849
259147685
259113391
259101775
259101753
259076185
259008045
258994057
258993843
258993753
258993697
258990143
258930727
258878121
258878119
258878113
258837343
258837337
258824855
258775563
258775219
258756841
258521231
258513883
258511675
258511673
258482481
258452425
258452403
258452393
258443199
258442353
258433353
258429873
258410693
258408317
258405067
258405065
258343653
258343647
258312887
258312693
258311491
258293723
258293719
258229919
258229635
258162203
258048209
258044277
258040189
258000011
257999427
257999299
257997379
257994935
257994867
257994801
257994751
257994617
257994497
257994403
257993633
257993541
257987979
257976279
257976235
257956175
257884331
257884235
257873821
257841513
257734099
257717063
257699717
257698611
257681319
257615433
257513207
257512573
257504957
257487957
257467311
257422405
257422289
257422237
257422003
257333015
257182085
256946745
256918065
256792559
256748551
256697969
256694215
256687345
256654143
256654097
256653999
256653905
256653749
256653515
256653453
256626515
256626433
256626357
256626273
256614371
256613457
256613299
256590539
256589003
256585021
256515657
256515655
256515635
256478949
256478487
256478485
256390623
256390579
256390535
255925913
255925807
255816819
255802129
255781013
255781009
255406159
255401783
255322075
255317721
255279085
255237273
255232825
255232741
255232685
255157159
255145227
254991645
254991637
254851335
254642729
254169443
253771749
253400993
253284589
253205657
253071633
251288361
244720745
252158483
260267249
260234715
260199017
259042551
258888581
258495155
258045963
257684715
257483499
257483467
257385921
256851175
256851161
256851133
256396695
256390661
256390651
256390619
256390501
255926103
255926093
255926083
255926077
255926073
255925935
255925917
255925863
255925823
255925817
255925729
255304525
254973813
254806685
254526583
254317035
253180405
252271537
251917803
251840751
251813679
251715275
251177351
251076165
249778249
249613279
249529575
249492907
249491733
249489787
249346917
249231353
248645377
248357433
248354607
248354271
248354041
247251209
246798563
246218841
245511437
243775965
243524351
230429463
230429337
260243395
260104903
260026105
259986937
259986935
259942195
259882947
259882937
259882935
259646365
259510061
258835753
258207299
257898179
257817519
257080895
256832701
256396215
256394837
256390833
256390697
256390649
256390557
256367365
256311063
255926159
255755675
255755645
255014289
254589195
254162429
254161221
253632503
253353709
253162011
252924677
252570557
250690147
249572347
248870521
248742891
246634003
246633999
245978913
245313279
244290511
243238727
243114311
241183259
237188475
237188457
237186487
237128923
237128769
237128759
237128735
237128727
236654259
260090301
259872283
259871333
259038165
257983799
256272453
256266427
256257403
256256461
256256211
251753571
249533971
239771775
237760135
237125511
236975965
236258771
229340869
260280259
258467593
260184065
260269833
260255933
260215333
259834703
259776951
258884289
258003625
234883557
258237671
257834669
248352937
218934351
256735055
259251255
258102995
258102545
257673201
255994369
252198435
249231251
259785583
259443035
259132155
259126479
259092807
259092749
259092323
255266067
254658735
260041229
260306343
259132165
258105173
257636333
257636273
257636157
257636149
256168727
255814409
252006533
252006475
243709635
240522033
260294357
258115633
258115611
257636209
257636181
257636069
257635945
257635905
257635867
257635711
257635693
257635597
257635427
256761513
254320151
253057877
242732803
235587401
234036665
260002085
257635347
257635341
256243001
240546751
260265883
259132089
257950095
257635269
256568309
256568245
255151299
255151297
251989811
245995755
258888611
257635117
257635047
256794445
260031753
259956157
259956155
259956153
259739667
259739661
259111255
259106887
259106281
259068321
259067589
259039933
259039931
258140625
259739693
259739691
259739683
259739631
254152913
247533837
259739665
259739663
259739589
259739585
259739575
259739555
259739553
259739545
259739543
259739413
257318671
253413969
253413963
252789141
250639971
250639927
249840415
248679507
247533829
247533799
246805389
245649927
245649913
245150719
244901603
244689659
244689645
244242155
244242141
243962573
243962571
243962569
243962559
243303921
243303919
242675177
242675149
242675147
242675145
242675143
242675139
242675135
242675131
242675123
242675121
242675119
242675115
242675113
242675107
242675105
242675103
242675101
242675069
242675013
242675001
242674987
241446739
241446737
241446637
241065085
241027483
241027399
238758441
238427997
238427983
237891029
237891001
237890999
237890997
237890995
237890993
237890987
237890985
237890961
237890959
237890957
237890947
237890945
237890943
237890941
237890935
237890931
237890929
237890927
237890923
237890905
237890901
235072747
235072743
235072731
235072697
235072683
235072675
259739567
259739551
259739503
255986903
248679509
241027413
241027407
241027395
241027389
237890893
237394829
237394781
237394775
237394763
235936913
235072699
235072681
235072661
232791255
232791253
232791249
232791247
232791237
232791235
232791233
232791231
231068201
229762269
229482797
228339735
228118379
256383973
259799167
259739463
259739461
228118377
228118365
226853321
223401459
222549525
244874125
246021299
245822793
260068989
253286365
251343713
256232327
259256565
256327229
258023019
260165681
253204181
260043881
260300729
260105937
260105935
260105889
260105891
260105885
260262411
260105895
260105905
260105899
260268011
259248131
260238075
244396243
33997319
257589953
258007419
234637227
213510491
259653237
254766961
256094179
244438949
244438781
211844997
248837291
247573679
247113185
253310975
248309999
259110375
250452525
253319715
247281853
258958247
218901285
218908063
218908021
252709497
231574891
258928273
247647777
210654639
210653539
201455139
246227935
236834287
236832437
232018141
236738077
254352389
220508139
210551855
210681475
251523061
254319329
231534961
258932777
258931051
259653357
252889041
251797035
242219911
242219497
222384941
259715025
246084773
248095949
233404831
233413997
29524985
236743135
222604673
190183407
73201619
33236805
258927419
258927303
247842987
247842923
247842791
247842713
247842601
247842351
212463615
29525755
29526155
235954545
235954491
246890041
253587237
236726581
238103367
259577257
249442919
259577411
256711499
252889891
252057653
242485119
236725715
33594197
260067327
259308503
258461561
201446141
32459353
228479017
228478049
221889461
219050647
23381151
234421301
229209811
258883483
228474835
241459927
241401815
260295017
253994325
253189159
260031921
248094841
254656685
229452381
238549443
240341257
234702199
256498203
250388971
250302363
243547463
250302293
231928987
243526305
250990351
250392253
257672207
259513175
257295663
254799865
257295671
257295667
258049749
255568233
254868135
256643165
256643153
237506923
259934933
254547615
245663233
232172319
256340445
256340443
259670113
241206181
260081789
259833983
260224857
259730651
252833559
227309577
230263823
236038057
249202531
244704525
244195451
247466983
253740421
258511677
236927319
260039539
240826121
258210009
252209047
252761589
249231205
258521527
230810263
259860039
259656199
255100461
255965681
260302197
236254641
259112233
256396527
257263727
257263733
257263725
257263721
252209029
259175425
257263729
257263723
237592173
238543335
259416031
235301735
253037061
252145605
251280035
257323273
253538989
251544583
254587365
253286373
256985953
228315685
244436897
259204311
241999147
256542517
258897875
231124769
252384181
257615013
237762489
224432731
259854675
255249625
259449849
254711611
251941367
259030269
252805369
259542277
259474503
259784703
260196659
260196411
259583473
260173989
260182461
259552395
259526651
259868499
260071387
260302585
260274745
260070863
260070813
260070809
260070807
260274749
260070965
260085669
260049141
260049139
259741497
260178203
259871253
259248157
259248181
259248183
259248201
259983793
235217597
259536395
260332697
253531653
253498391
253498379
259667293
260193667
255873103
254595987
254595985
252527833
260007905
257410465
255974741
243481199
257363623
253833245
250334791
256096237
249005137
257522175
253560689
247274185
243350285
247578803
257663047
244599735
207643817
260004723
260160075
260307549
260307293
260014013
259718793
259528833
259528545
259333887
259333883
258290207
257376437
257376235
257375747
257375015
257374385
257374187
255873065
255873015
255872999
255500477
253361281
253361273
247584739
246791865
246791363
242998433
258760687
258497515
257522015
255873297
255873241
255873225
255873173
255873163
255873131
255873129
255873127
255873113
255873095
255255849
253386583
248921071
247278985
246013863
253813857
260110133
260110123
259953287
258427015
259260399
259260159
259259615
259259535
258504665
260238653
260238315
260237777
257691979
257363689
256567305
256367701
253531659
253498389
253498381
253498373
253498347
254121155
213874311
242884547
259833443
253267109
247853963
256702923
253498403
253498339
256706857
256600451
234560989
260110161
260110157
260110155
259947107
252136141
244867557
258928109
258928107
260258587
244005847
243637577
238316207
234554265
234554251
258507181
258506289
243637511
236616799
231829259
257692717
257162749
254972559
228596245
212461295
256914917
29941535
257755389
249360709
238114651
252092447
245858683
259508027
258338673
251823489
252533549
231884971
245584403
252599459
250718361
258002977
252599469
260069277
257438427
256394755
256090395
257198011
248466085
245825797
243991875
259475819
248420223
241945353
238057099
246836807
259027925
259945275
259381303
259823991
259824001
259824083
259868855
260259843
260110575
260299199
260296987
260244117
260229095
260106703
259835837
259794339
259376057
260302497
260105947
260105967
260105949
260105951
260302493
260178427
260178425
259248349
259248347
260238067
260138395
259928575
260103943
259650599
260102101
256365795
255872747
258385437
241429503
259784263
259784183
259163313
254585001
254218471
257531659
255828819
254379707
246204293
244091697
256001651
259815805
259815733
257315369
259797875
239924603
258473615
258035063
255107773
238452167
259609483
259571035
259558733
259558605
257844653
253734539
257923573
260120021
254058351
254058267
254057859
254057687
254056743
254056143
254055753
254055651
260281451
260266703
259743869
259743729
259743603
259743269
259743163
259163411
259054065
258054923
258054905
258054901
258033683
257438313
257437965
257318339
256897891
256567741
256359537
256040447
256027967
255965287
255872857
255872853
255829793
255730903
255614475
255481083
255425737
255200541
255200501
255199921
255151515
255077825
254883761
254608523
254595971
254585165
254284677
254284673
254284671
254284669
253863039
253863029
253826391
253564103
253529559
253529555
253433349
253256905
258120111
257523943
256348247
256348245
256348243
256348241
256348239
256343481
256343479
256343475
256343473
256343471
256343463
256343457
256030047
256029965
256029961
256029959
256029955
256029941
256029931
256029925
256029921
255253823
253735543
253272217
252844955
246204587
246204437
246204389
246172845
245204001
245196309
244139235
244091729
241954019
240614645
260131261
260089525
260089523
258775851
258149877
251182865
250992387
260278317
259816581
259816569
259816559
259816545
259816513
259816495
259816491
259816479
259816471
259816451
259816433
259816407
259816381
259816357
259816319
259815865
259804055
259804053
239972251
260015429
260015421
259243965
259842659
260057155
260110131
260110129
260110127
260110125
259816291
259816275
259816215
259815889
259815729
257803081
259987005
259986881
260110135
259816163
259816145
259816119
258459231
258458037
260110137
258498669
257591509
260042475
257668897
260209173
254121899
254121695
260110145
260110141
260110139
260029139
259420431
243636503
243636351
237518669
237131323
260041053
259081079
260110151
257286395
256881359
256881331
256881231
247426671
246469191
246469105
246468295
246468159
241260829
257531147
259165213
257744249
256343451
255872651
259635693
259635689
259515939
252599801
252599655
260319713
260049751
259798723
257003041
251264235
250996411
245676951
245411133
245328655
242999823
241103643
258800033
257597151
257414783
257281763
259945571
259946299
259945855
259945653
259946443
259525143
259948337
259948311
259948273
259948223
260072455
259929493
259928779
259928507
260165615
260306525
260306505
260178429
260260043
259824037
259127277
256790937
238314571
260229235
260229193
248882345
260239799
250804125
246227039
251128917
250086853
255940409
248888691
249353121
260029837
259235229
249353723
231472365
257271727
257587439
256571833
256571779
256712783
260221943
253141177
260221791
252287361
255971171
255971189
256534209
256534141
256526193
255971207
257010141
256794111
256537237
256537003
256536423
256536357
256099111
255111379
256090771
256604003
224632055
256603385
256598145
259710073
253991085
260223103
258461833
243512433
240982055
240185909
236860031
259391485
259247401
254604107
253843513
246645161
254207441
246541681
260026019
257673229
260177329
259724467
260300565
259859961
259869365
252253323
234218409
219424497
223773759
258498787
259124247
249770893
245643735
241983109
260068953
259346607
258026839
236489081
254379023
258767989
258029069
260107177
260304335
260304337
260220891
260220889
244379057
259048435
260042545
258815171
260229723
259869657
259954477
259150833
250037603
243857363
231038301
248832211
259943891
209409025
234756167
234759911
240445779
236831785
240445625
245481659
253083499
256526717
243803509
218729523
233705399
222856327
31863663
259519231
254326895
254326945
256534165
239850925
200219105
230301635
257589739
254666069
237389963
31875269
252685825
27183795
229376089
250938469
258757101
260032847
257802049
249478621
242007623
246240379
260334745
256443295
243857613
243857489
243853187
238505401
232472045
246240343
246239853
246239691
246239643
246243937
236608897
236532477
231404053
248306245
245646999
243043939
240071399
236226653
232767639
246243713
244587985
233171643
248780387
236406023
240363643
254141773
25793977
228060579
254080307
249618895
258350073
109178285
236609115
109178323
251809151
247198853
247164381
238030973
227279399
224749849
255470477
254486091
242530401
31858855
257895733
242530459
253711067
225222521
256450863
243857657
243817403
246803799
246731433
31890643
230251927
31860905
256109345
256081447
256080789
249955735
221451483
196542637
215219997
259797203
250678629
249768153
206571119
237642891
260044567
239807281
258484139
259224505
259157305
258817441
258473999
258384457
258195755
258194683
230551555
259015873
258513941
256617549
254054263
233689685
249302273
223507649
258155815
223603971
243857435
243414975
254048731
253914223
31864467
232439245
232387405
240890929
246859397
31861301
257674497
259142819
221947955
253358185
254914089
246880305
260315059
245164279
260303007
245911245
244799195
245911373
259739571
259142231
259716961
259531013
259714847
259391681
259391683
258690377
260298219
260026373
260049315
259957731
260082525
260256849
260256831
259248231
247646535
251473985
246240155
238506761
238506779
238507211
33473321
211805679
214739419
231932641
251690167
250549181
259813455
255201061
260160745
255417967
250415437
256709127
252794601
240822919
256962363
229910797
224221773
257327579
241027405
237394795
260197611
257174913
260197033
260316877
260049179
260049261
260107041
260049249
260107047
260262519
260262521
260262517
260262699
260262697
260105961
260262409
260262501
258109267
259035299
258801885
260332699
256255369
257625519
257624431
257624403
251989837
259141173
246544545
228988037
250901181
258978729
258978727
258845343
231365711
229467549
240983295
250899583
254996807
259760173
259586211
253456051
31860271
251989847
243355981
228516289
248526075
26099449
212345207
257625653
255235649
252883449
236279743
224289501
230940767
237052273
230521761
237052393
235552267
235552307
235473165
233768103
233418885
228988059
255005423
233419201
228988065
255005467
252983761
233419223
255005483
255779249
244064349
256314733
251200115
258978807
256305739
256305737
256305735
260110121
260216637
254584933
223901521
221834445
258112433
258112937
258112973
258112011
251343511
235555649
255224185
229611177
231365805
229474049
224143809
232845415
252984785
232235615
259831415
242271309
242271299
258939255
258939219
247859111
221034683
233761397
259131905
255003435
230351025
254996867
237051081
237051039
223436191
26097391
212720723
256529737
256255185
255872807
259486869
256340289
251262941
256162777
246096399
253474987
254153477
250147605
251009611
253856431
253429509
251009211
251008889
251008811
251008719
257196209
260302411
194057809
254393305
256463683
256450775
255548091
255476257
255473707
255466221
238546045
258832927
258832277
258831907
259837045
259724375
260125723
259741441
259706629
260224401
259760171
260001283
260002495
260002491
259387823
260038211
259837167
260257123
259824337
252432151
258845167
259163183
246234111
244993375
254876349
243552533
245107991
252518505
238385177
233906717
258520997
255258097
256292725
259531099
256365259
255872903
247593613
256343459
256255369
255873229
238066619
257522611
257522559
244255467
244254655
242723635
242112257
239198703
254816839
254563025
254563137
256505143
259946797
238673199
259416881
257410581
251027161
260040323
259663417
239838501
246742579
233054515
260207927
260054083
259956891
259726553
257951833
257642433
257641545
257641543
257641541
257641539
257641535
257641533
257641531
257641529
257641527
257641525
257641523
257641521
257641519
257641517
257641515
257641513
257641511
256364193
256364177
257750689
242798909
242680483
255872685
255872673
248788199
234883821
235304821
260181207
260015233
259727687
259312085
258984795
258458095
256883019
256883011
256883003
256883001
256882899
256882897
256882891
256882887
256882879
256882877
256882875
256882873
256882871
256882867
256882901
256343469
256343467
256343465
256343461
256255185
255872865
255872807
253735541
250112839
260118377
256882963
255475451
247158655
245645979
255873289
255873285
255873283
255873255
255873233
255873231
255873211
255873201
234897901
234897859
249699429
249403677
260131265
259956917
259956915
259779887
259777353
259777251
258894357
258497613
258458593
258043933
257293995
255582085
255581933
255581867
260269305
255873209
255472645
252050885
251908309
251908081
259587223
257370343
256500781
256241317
249700893
249545361
249542851
245002631
257592825
257662793
254393305
259112801
258767653
257596269
257322713
254852335
240371545
250718589
260040329
260125713
259724463
259387963
260105941
260105939
260105931
260105929
260105933
260105927
260105925
260105923
260105921
260105919
259837579
259837551
259248341
254083871
258815417
254360807
254744203
259587219
255910847
255907713
29855657
255007041
256869269
255009097
250680217
255008935
244108159
251710865
251710723
256882857
256882841
256882831
256882821
256882819
256882817
256882813
256882809
256882805
256882799
256882793
256882791
256882785
256882783
256882719
256882717
256882715
256882713
256882711
256882709
256882685
256882679
256882675
255007623
255007241
255006833
252301911
248115455
246795873
243354895
243282035
230886177
256882883
256882863
256882859
251469579
247960339
259712077
248181559
249799915
254733223
254073301
247910559
259244983
259244961
256390489
249802949
249802913
249802877
249802809
249802409
249802381
249802351
249802159
249802115
249802045
249801863
249801673
249801619
249801533
249801477
249801381
249801333
249801313
249801269
249801239
249801205
249801171
249801143
249801119
249801085
249801047
249800981
249800945
249800917
249800889
249800873
249800841
249800807
249800761
249800461
249800423
249800405
249800351
249800173
249800099
249800071
249799983
249799943
249799879
249799841
249799803
249799739
249799717
249799677
249799657
249799619
249799585
249799555
249799523
249799473
249799391
249798859
249798753
249798523
249798429
249798283
249798129
249798019
249797797
249797669
256390455
249795877
249795695
249795523
249795215
249794937
249794587
249790141
249790037
249051663
249050181
249050033
248756745
243115877
243115779
240465181
259864969
259112089
249177355
248814337
253056227
257894723
256355647
250442405
252792461
251403027
241586623
241586603
249139685
259982899
244130951
251439761
219088929
218946473
241241619
258490629
260245287
239402737
241842201
240898979
237001915
236850021
233540031
228604971
245490833
232142771
257980697
259783953
260287173
236852857
260229767
260102291
259810313
251425155
256161679
258333681
253634699
249136591
254392341
252209299
259924343
258884823
259625459
236752485
254357455
259075431
253418311
232235629
260229531
229374247
231174435
231174225
249715195
231475403
260275957
258434385
260263669
238873095
257946569
259845759
259759749
255865499
259988703
260042585
259765111
259869165
260229785
260229609
259869693
259869687
259869721
259765117
259765115
260102181
260103963
260102281
260102183
260102187
260102175
260193685
260193587
260102185
260102287
259670585
259730977
257616157
255279049
254888197
252317821
249454259
250950411
257504559
251730757
249338661
257846973
247762651
254818201
247421175
255132833
245911659
255517447
246363445
255872961
242975825
230119451
258530915
256355755
250386499
254348323
255745291
242143167
252837825
238871647
258990419
256088161
257692901
257474557
256917197
256917115
254527271
256408055
253553395
246657383
240152149
237010205
256916403
254481051
253410327
253371323
248764219
239264231
244562899
234360079
242429657
251777073
245414913
250463041
258152665
254583103
254582625
257592781
223464351
255364577
260081465
259085069
246874969
246875043
250460611
250460651
236479805
242832571
239689103
249149921
250474055
248646949
258190169
257739123
255538629
258459759
255089427
238654621
259127591
256399191
234759401
257081405
254302789
248933295
246169127
255527945
241251975
252146879
255015717
257645747
251065941
256370189
251470253
251458185
254733471
252573959
239934095
253965275
249206053
250865307
239429793
238825851
255042381
255926135
243701143
248612057
253382375
240614647
257084185
247473189
249758401
237644979
237644983
257960525
257413463
257539949
255845693
254151299
252843751
242670277
254772597
240486421
258032753
242199837
256368217
251785337
249186257
254271523
245905007
258515547
252762641
254271451
239316357
226388085
239150549
258438523
254491117
239921851
239921669
256914559
237307655
249268063
260046335
255348761
244545115
257784781
258150319
241306259
239853123
246606523
251242391
236025109
237669953
237795151
246919333
257898227
253579621
226018659
250906823
250989537
260307699
255910445
255875189
250580335
249730509
249384855
247990683
247367729
246855079
246568349
246138409
245861979
242144005
256296637
256660553
256660081
256660049
259652455
259652369
238655015
227450757
245319913
244990197
240669899
238235331
256790561
259557741
230549915
258070683
258265599
260094487
259961147
259961143
259961141
259961139
257679753
258068003
259480521
249106749
249106705
249106663
250467095
250467085
250137547
241384069
259616003
244090933
259101757
259015869
259015867
259015863
258878191
258689015
256885223
256885213
256885211
256885209
256694203
256617589
256585115
256124585
254288189
238122257
72856281
260326781
260326777
260326755
260326749
260326735
260291919
260291897
260291841
260291799
260253603
260253583
260093373
260060413
258911589
258689045
257791415
256833545
256585119
255473411
253071649
259076209
260012133
256825061
255473623
253439575
254049875
243247813
241964383
241964373
241963775
260326761
260326747
260326737
260326733
260291869
260291859
260291819
260291795
260291781
260253593
260253591
260253589
260093411
259670599
260253587
260093383
258452355
258134413
257684787
257532871
257504541
257504539
257337753
257337745
257103337
256173157
256049493
255884477
255816835
255816815
255599423
254751255
254604967
254599655
258892943
253442295
253440093
241963841
260326785
260326783
260326779
260326775
260326771
260326769
260326767
260326759
260326757
260326751
260326745
260326743
260326739
260326727
260291945
260291943
260291937
260291923
260291911
260291909
260291903
260291901
260291899
260291895
260291893
260291891
260291887
260291879
260291877
260291875
260291873
260291871
260291867
260291865
260291861
260291855
260291853
260291851
260291849
260291847
260291843
260291835
260291833
260291823
260291821
260291815
260291789
260291787
260291785
260291783
260253625
260253617
260253615
260253611
260253601
260253595
260253585
260253579
260253573
260253567
260253565
260253563
260105223
260093415
260093409
260093403
260093395
260093365
260060431
260060421
260060419
260060407
260060403
260060399
260060389
259670595
259563987
259518871
259518865
259518863
259175685
259175675
259175667
259175659
259175657
259138113
259138091
259101783
259101781
259101779
259101777
259101769
259101763
260126389
260302375
260302241
260302143
260253571
260060387
259852693
259600325
259518861
259462309
259462303
259462299
259462287
259237425
259175647
259175645
259138119
259138087
259101759
258950843
258950841
258950825
258950815
258878231
258878227
258878225
258878219
258878175
258878173
258878167
258837353
258837349
258787089
258689041
258689039
258513967
258513961
258513947
258513881
258452353
258343691
258343639
258259845
258259843
258179769
258134407
258134405
258134395
258134385
258134379
258134375
258092163
258092159
258092145
258092141
258092137
257928191
257910157
257846975
257751945
257716545
257684793
257684789
257647381
257647379
257616175
257532897
257532895
257532893
257532891
257532887
257532881
257504547
257504543
257469541
257396145
257337747
257337741
257337735
257337731
257297637
257297595
257297593
257297589
257297585
257297583
257297581
257297577
257297573
257297569
257264191
256975855
256975845
256975843
256975841
256975839
256975837
256975835
256975825
256975821
256975813
256975811
256931051
256931047
256931045
256885273
256885271
256833549
256833537
256833533
256833531
256617587
256478519
256381959
256310449
256310447
256049473
256049451
255884511
255884509
255884483
255816793
255780977
255523805
255523789
255428649
255129153
252757719
252173669
251990581
251573481
251540899
251460585
251460583
248273003
248193325
257751877
257469509
259863795
250987283
259615545
229133867
260120567
260120049
260117671
260117075
260116563
260116231
256323061
260299871
252972877
257897633
260291575
259928011
257792135
257775933
257775471
257364393
255348797
255348691
254477163
254477059
254477243
254477081
254476963
244775517
243248831
243246809
243246585
238113815
260291889
260291885
260291883
260291811
260291809
260291791
259670583
259462289
259410223
259410221
259366247
259175669
259175661
259175643
259138103
258950823
258950821
258950807
258689021
258689017
258513969
258513943
258513939
258513935
258513915
258343677
258343675
258092127
257928227
257928207
257928203
257928179
257928159
257928147
257910123
257910113
257910111
257910107
257791803
257751951
257751947
257751929
257751927
257751925
257751923
257716551
257716541
257716539
257716537
257716535
257716533
257297603
257264135
257264119
257103351
257103349
257010251
256478501
255342939
255342937
248768699
257751871
255376465
255376461
255376453
257774693
257738795
249037137
256670287
256668441
260174823
258532573
260093407
260093397
259292237
257981019
257928161
257504523
257504519
257469563
257469559
257297695
255816829
258092143
232463775
240445833
242008171
260326741
260326729
260291941
260291913
260291863
260291797
259670589
259138101
258911613
258343643
258259825
258218475
258179761
258134397
258134371
257928243
257928241
257928229
257928155
257751921
257751919
257751901
257716527
257684775
257684755
257647391
257647371
257647363
257532883
257532879
257532877
257532867
257532863
257504533
257469539
257469521
257337717
257337687
257297681
257103359
257103343
257010239
256975791
256975787
256975783
256975781
256975775
256975769
256975767
256975761
256975759
256975757
256975751
256931053
256931049
256931043
256415793
256381955
256310443
256310435
256173145
255993869
255993867
255884453
255884427
255342353
255162941
255129181
255129171
253487609
260291817
255523775
249183781
249183685
243562575
236932221
234618943
224765563
259206979
252596547
258431647
259565887
257397691
256399561
256399523
256399461
259344805
257227587
257325047
259507977
260260989
255966061
255965811
256887055
260220267
259982395
256763217
252761521
248832439
248174405
247940511
247940291
247899765
247368013
243904811
248285227
248285011
248284925
248284819
243527289
235060659
259884501
259204947
258521707
257950653
257364103
256604133
254934575
252367005
242744107
260328569
260136983
260069061
259474425
257949741
257474285
256988975
253440083
251933295
250765057
250625537
245556195
244180189
237041659
241564847
241114171
244825767
239062547
259831535
259735037
258044331
257953159
257157011
244550537
242063225
252303819
239757063
250285995
249559991
249528991
249069095
248793951
247607263
247607143
255636105
258802299
260197327
260197303
259989425
259064115
259064113
258530939
258530883
258258429
258258427
258258425
257979851
257974953
257878313
257823063
257750677
257750673
257750671
257750665
257750663
257750661
257750655
257750653
257750651
257750649
257750645
257732689
257537631
256719435
256667685
256095555
256094143
256092945
254543085
254273641
257857561
257478039
250395511
256340283
256317673
256005813
250546639
248933291
245474583
256005745
259108279
247593355
254737889
257540637
257277353
260110153
259657941
259540595
256725299
255535945
239107987
260275275
260275195
260275171
260275075
260275067
260039899
260189969
255727873
259259069
260205429
260259199
260075325
260004243
259925105
259862893
259503461
258941253
258939987
258862029
258855867
258855773
258172729
257578385
257578381
257578377
257578183
257578179
257578171
257578025
257578017
257578013
257578005
257157673
257088081
257087993
257087835
256954045
256953923
256811819
256811555
256811303
256340603
255976907
255866155
255528023
255260039
254729841
254729831
254729817
254727515
260259239
256982537
253133411
252308125
247492345
242491529
255102011
254772675
254772667
254772665
254772663
247117305
247117189
245953887
238869859
256096951
240445547
240445619
230544471
233078247
240445357
230001415
259955127
259143303
259947791
247320171
243974157
256620961
224427383
230699151
250487459
204027081
203962451
220992957
241285635
256591619
255058627
260093363
260093361
259852727
259218489
258911625
258911623
258911617
257287917
255461339
260326685
260326683
260326681
260093379
260093375
260093369
259854099
259850135
259813211
259731049
259731041
259731037
259731035
259731031
259214713
259214671
259214519
259101767
259101751
259101747
259101745
259101743
259101741
258878209
258878203
258492629
258343649
258284261
258218509
258218501
258179791
257980293
257976187
257976147
257976139
257976135
257879787
257879773
257879767
257879765
257879761
257684797
257684791
257396163
257396155
257297705
257297697
257297671
257297649
257264123
256931093
256931091
256931083
256931075
256478523
256030137
256030129
256030117
256030097
255534197
254901927
253866057
253866043
253749581
252902451
252804375
252804373
252797033
252728373
252566421
252355741
252213991
252213697
252146563
248312267
248119365
248119353
248066705
248004427
245824963
245823857
245720333
244979393
244257553
243521929
242341595
242341585
242341553
242336905
234883533
234883525
258911621
257444165
257075683
256307883
256029989
254403873
252228859
252228601
249160409
248732727
236300963
233682573
259237443
258179817
260093377
260035617
258835269
258481775
258481773
258481771
258481767
257262395
256931097
255534367
252213941
252147391
251680543
247145041
244979435
243564195
243557297
243557197
243557099
243509623
234897927
258149057
255254205
254382315
252229547
252229527
252214629
248500755
245643067
244633367
233682311
238693867
238693721
258068617
244109561
244127141
226224271
259054367
259054363
259054355
255619171
255589779
254826103
252561341
259563981
260176549
260175331
259523991
259237413
256366035
251137295
248094545
233532511
216124219
259778951
242215851
260110163
248615741
230544475
251849355
259129551
230544273
215158747
244665623
230686601
211376947
230544281
256979803
259757855
258950839
258787111
258688999
258499689
258499663
258499585
258455507
258252491
258221955
257910161
257910135
257910129
257910109
257751943
257692817
257654539
257654467
257616177
257616163
257616143
257615977
257509899
257504561
257469533
257469515
257396143
256885287
256756363
254527827
254527411
253500071
260293181
259808309
257405511
256371513
256369403
256369397
256369395
255279053
254380761
254271551
254271433
253896191
252388871
251068715
250467089
250467087
250467083
250467081
250467079
250467075
250467073
250467071
250467069
250467067
250467065
250465733
249487869
249487859
249454257
249421319
249421295
249407357
249066401
248469301
245145981
257911871
257091405
250469599
250467101
244661177
244547107
244547067
244546997
231062663
258787105
259330567
259125997
259101739
258950837
258911609
258911601
258911597
258383693
258382309
258020345
257928201
257910187
257893659
257532913
257504555
256975853
256756213
256707057
256667601
256611305
256466535
256407939
256407147
256407015
256406705
256173113
255816779
255797861
255739001
254517527
254260035
253953865
259811897
257321091
257321083
257288075
256611095
255973117
255162929
255162919
254271421
253551385
253539485
252109095
251730759
250683907
250683879
250544233
249621365
249560319
249338659
248556693
248515081
248488901
248095085
247979393
246574937
246157171
246157153
245642699
245095655
259432489
250467111
250467109
250467107
250467105
250467103
250467097
248094607
233532739
259311385
259311299
259311229
259878517
260258903
260253641
260243197
260243055
260242551
260183231
260182269
260181215
260175283
260175273
260175227
260175213
260026311
260026031
259924373
259924369
259868421
259757149
259749461
259744567
259563995
259394269
259366245
259330507
259330465
259292223
259237457
259138085
258878201
258878193
258513927
258484183
258484165
258452401
258405059
258334055
258320477
258218495
258134381
258092149
258092121
258061333
258061313
258061303
258058813
258058809
258058805
257928237
257928235
257928221
257928209
257920099
257920083
257920063
257920053
257917403
257916895
257910189
257910185
257910183
257910175
257910173
257910171
257910169
257910167
257910165
257910163
257910155
257910149
257910145
257910139
257910137
257910131
257910119
257895253
257879805
257879799
257879785
257846983
257822029
257751909
257751897
257716523
257716521
257716519
257716517
257716515
257716513
257716511
257716509
257716507
257716505
257684765
257684759
257684751
257684749
257651851
257504529
257504525
257438475
257396153
257265633
256916957
256916705
255932237
254484947
254483697
254483467
254482189
254481901
254269573
254107581
260182307
260175233
259671565
257800083
257322615
256335303
252418419
251923169
251339457
251316857
250469643
248735193
248119301
248119285
248032027
247798913
247353047
246874263
246742197
246741653
245905781
245489999
245489705
245489423
245487985
245004635
244788381
259237407
259237405
259237403
259237401
259237399
259237397
259237395
259057739
258515551
258515549
257800159
257371011
256517275
255319153
248096111
248096075
248094149
239267165
257751937
241318695
259778955
258020671
259207579
258020663
258942453
257438545
258499841
257159381
242009513
209033453
255964765
230550423
237900941
256577247
232886109
242002023
244666205
233129265
257327853
255724935
248712301
240445741
259563983
256739447
255730895
254794951
254599653
254558341
252885001
252884935
252884627
252884511
252884491
252884483
252884467
252884455
252884403
252884391
252884383
252884373
252884275
258883385
255970653
255970651
255872653
247469359
247469357
247469355
240341071
240545203
260181759
253451431
259869843
255970749
255872647
259840767
257607995
256580845
256379085
256379083
255372821
254883769
254552907
254552905
31866657
260216479
251188943
258068015
259811975
259811927
257647355
257647351
257647343
257647317
256885255
256838509
256675431
256675429
256675427
256675425
256675423
256675421
256675419
256675417
256675415
255403397
255160677
254840785
254510075
24010843
31862449
260036519
259770045
259638349
259616795
259215537
259079325
259015839
259015837
259015835
259015833
259015831
259015829
259015827
259015825
259015821
259015817
259015813
259015809
259015805
259015803
259015801
258935611
258837341
258837335
258495115
258495109
258495089
258484137
258452421
258452399
258343687
258343685
258343683
258153429
257976149
257794259
257794201
257794141
257751899
257751889
257751883
257747737
257684743
257684737
257684735
257510805
257510797
257510761
257510735
257474367
257474301
257474201
257337709
257337705
257337701
257337699
257337697
257337695
257329311
257329127
257297619
257297617
257297615
257297613
257297611
257297607
257264179
257264173
257264169
257168079
256613899
255873219
254840847
254840845
254840811
254840809
254840797
254840789
254794965
254794961
254794945
254681297
254681293
254681285
254681271
254635743
254599659
254583451
254376851
254370931
254288187
254243269
254169035
254169015
254093553
254093543
254093537
254042293
254042289
254042285
253966753
253958319
253958285
253958259
253958195
253958157
253958121
253958069
253908535
253535287
253533609
253533603
253533593
253400985
253400981
253324763
253324741
253153379
253153377
252762755
251990561
251990553
251663333
251495837
247172331
247063757
243496129
24015331
24012387
31860913
257739305
258149197
254271445
235262051
249560805
231077261
231795815
259106469
258371247
257884187
257852243
257852177
255873197
254288181
254288153
257795437
257795417
257795373
257795339
260039575
254794955
257088807
229253263
237905767
260326717
260039289
260036225
259988093
259983887
259770057
259770053
259600327
259600321
259214607
259214533
259162569
259162541
259015815
259015811
259015807
258863315
258495205
257742451
257742437
257742431
257511137
257511129
257511119
257511071
257511061
257511059
257511049
257511039
256885291
256580853
255881105
255881103
255881099
255162959
254558361
230613187
230613067
260291845
260291831
260291829
259867185
259770043
259079073
258936095
258837347
258837331
258484157
258452415
258452407
258218489
258218485
257846933
257684745
257684739
257684733
257684727
256415761
255873215
255873213
254510083
254510077
254510061
254370925
254370919
254169027
254169025
254093585
254093547
254042249
254042239
253962661
252762867
252724691
251837661
251834719
251834717
250790423
249121581
246448079
230613319
230613069
259731043
259731039
259731033
259731029
259731027
259731025
259731023
259731021
259731019
259731017
259731013
259731011
259731009
259731007
259731003
259731001
259730999
259730997
259730993
259730989
257796457
257163461
257088809
255873253
254801979
254791737
254370991
254169023
254155687
249162365
240411811
240411691
238209023
235519571
237670999
237905733
220895789
258068749
258160341
260076919
259617619
258332741
249926151
246449153
256029979
231795829
258074463
258467021
258429405
258498851
246674857
260214663
248305627
240579331
256919813
260130759
260309731
258167171
255145037
259797241
258045129
255462769
255314453
255314209
252653465
250679309
250543407
250543205
256029911
240068813
235880445
256332919
256081543
259716121
251032553
251031369
249585881
240720919
239153277
239065387
260009037
258156127
260009035
255980555
255980527
236225879
238311381
222632615
